"","R1","R2","R3","R4","R5","R6","R7","R8","R9"
"5%",1.83850685322942,2.9838493565256,7.26117742455861,7.39897790481745,6.37010709735366,6.89958791799595,6.1478157155877,3.22454499525675,3.42508304370173
"10%",3.65669069900359,5.78975558842177,15.1465924874852,16.5439523645496,12.4317781426281,15.3176738331288,20.0690550663293,12.3701611196609,2.37155964899564
"15%",5.11921030706603,9.07652025872339,24.4434016314029,23.0836887992333,19.9738858184674,35.8002237196201,54.1001185925538,6.16870115440141,3.34912468183467
"20%",6.88017551945928,13.0463459089821,29.3719774735704,31.6674204976646,40.2763753911381,82.4745032667533,22.6366841749902,7.46313264527479,3.96215247004253
"25%",9.76195995375083,15.9542533328981,39.4365990699782,62.0450501251628,91.1142599614579,33.5888595624057,26.2895379683211,8.67964912488312,5.17190149684707
"30%",11.7709871187911,21.87050478885,75.5368089974936,136.094533804499,36.4037134484729,37.8917302783733,29.2144279360094,11.1190556146969,7.09884078881849
"35%",15.9025211455637,42.8969873632794,161.950883396081,52.674640416429,40.2831912061268,40.8636552613046,35.6410945944634,14.9622374735362,8.25387460075455
"40%",30.7459768588221,94.4107676114473,61.3158107353715,56.4833894131762,42.642977190563,48.3922125708716,45.594385931711,17.0500930491675,10.7284439665741
"45%",66.7594889814992,36.7547402504885,64.4162224753671,58.0232285960767,49.6378426398532,60.1703279864831,49.389330800906,21.7296155192362,19.9347879898086
"50%",23.8775564776816,37.1125394160484,62.1357874499735,62.8581861753311,57.9263167843718,60.6304865668603,57.0424878499836,37.1893192308666,39.0715443514314
